SNP	CHR	BP	P
s1	1	247273	7.95E-04
S2	1	1465678	7.57E-05
s3	1	1674269	7.71E-05
s4	1	1903207	3.06E-04
s5	1	2172153	7.17E-04
s6	1	2275848	6.68E-04
s7	1	2881114	6.64E-04
s8	1	2913567	5.28E-05
s9	1	2936022	6.70E-04
s10	1	3002643	6.55E-04
s11	1	3324342	7.24E-05
s12	1	4038553	1.89E-04
s13	1	4675779	9.88E-04
s14	1	4829045	1.77E-04
s15	1	4834599	7.07E-04
s16	1	4860515	7.89E-04
s17	1	4931639	3.22E-04
s18	1	4987216	3.11E-04
s19	1	4987463	3.99E-04
s20	1	5003028	2.15E-04
s21	1	5133869	8.35E-04
s22	1	5314589	5.92E-04
s23	1	5335580	7.84E-05
s24	1	5337825	6.39E-05
s25	1	6512832	5.14E-04
s26	1	6683794	6.34E-04
s27	1	6779578	7.80E-04
s28	1	7043273	9.29E-04
s29	1	7133582	3.89E-04
s30	1	7223454	3.61E-04
s31	1	7542908	2.15E-04
s32	1	7577368	5.11E-04
s33	1	7588631	6.61E-04
s34	1	7795354	4.92E-04
s35	1	7813512	8.50E-04
s36	1	7825249	8.88E-04
s37	1	8156998	7.71E-04
s38	1	8166317	9.50E-04
s39	1	8187642	9.78E-04
s40	1	8189142	6.63E-04
s41	1	8654386	5.48E-04
s42	1	8689709	3.91E-04
s43	1	8725690	4.70E-04
s44	1	8945841	2.87E-04
s45	1	8975096	4.05E-05
s46	1	8989986	9.45E-04
s47	1	9013782	5.11E-05
s48	1	9053121	7.85E-04
s49	1	9064965	5.08E-05
s50	1	9189456	4.81E-04
s51	1	9190995	5.77E-04
s52	1	9381179	7.18E-04
s53	1	9444867	3.76E-04
s54	1	9444919	8.22E-05
s55	1	9476487	7.69E-04
s56	1	9476735	8.39E-04
s57	1	9500306	9.95E-05
s58	1	9734866	8.41E-04
s59	1	9734982	4.40E-04
s60	1	9743857	4.27E-04
s61	1	9744168	9.09E-04
s62	1	11425807	2.29E-04
s63	1	11957653	2.39E-04
s64	1	12023643	1.23E-04
s65	1	12325384	3.38E-04
s66	1	14447538	1.97E-04
s67	1	14684052	1.37E-04
s68	1	14688091	1.73E-04
s69	1	14934546	4.57E-04
s70	1	15015790	9.91E-04
s71	1	15267581	2.54E-04
s72	1	16770432	8.25E-04
s73	1	18390931	7.90E-04
s74	1	18941693	5.85E-04
s75	1	19059882	9.64E-04
s76	1	19136989	8.16E-04
s77	1	19827107	4.38E-04
s78	1	20054259	5.84E-04
s79	1	20174581	3.43E-04
s80	1	20259717	5.25E-04
s81	1	20484386	4.92E-04
s82	1	21813795	6.23E-04
s83	1	21945586	8.53E-04
s84	1	21966630	3.02E-04
s85	1	21989571	4.00E-04
s86	1	21995004	4.53E-04
s87	1	22203225	2.60E-04
s88	1	22269907	1.34E-04
s89	1	22362988	1.23E-04
s90	1	22507905	2.89E-04
s91	1	22853856	6.49E-04
s92	1	22856396	5.16E-05
s93	1	22889391	7.10E-04
s94	1	23239600	7.23E-06
s95	1	23306050	2.17E-04
s96	1	23746404	6.71E-04
s97	1	23831003	3.21E-04
s98	1	23959977	3.67E-04
s99	1	24386137	9.95E-05
s100	1	24848925	4.94E-04
s101	1	27574148	1.33E-04
s102	1	28917208	5.05E-04
s103	1	29737492	6.29E-04
s104	1	29918633	5.04E-04
s105	1	30236136	1.66E-04
s106	1	30870856	8.85E-04
s107	1	30995075	3.15E-04
s108	1	31517622	4.79E-04
s109	1	32033719	1.02E-04
s110	1	32315701	3.28E-05
s111	1	32340144	6.73E-04
s112	1	32563564	3.93E-04
s113	1	32587063	2.37E-05
s114	1	32658696	2.54E-04
s115	1	32701860	2.78E-04
s116	1	32825549	8.18E-04
s117	1	32850038	4.91E-04
s118	1	33047110	1.40E-04
s119	1	33137423	1.25E-04
s120	1	33167101	5.81E-04
s121	1	33329540	2.88E-04
s122	1	33335300	9.78E-04
s123	1	33516856	1.04E-04
s124	1	33518579	6.08E-04
s125	1	33839216	3.59E-04
s126	1	33864082	8.71E-04
s127	1	33904584	7.56E-04
s128	1	33918078	9.51E-04
s129	1	34030436	8.54E-04
s130	1	34056384	9.01E-04
s131	1	34135980	9.61E-04
s132	1	34238978	9.33E-04
s133	1	34250048	1.17E-04
s134	1	34250904	8.64E-04
s135	1	34438677	1.04E-04
s136	1	34925816	8.85E-04
s137	1	34928641	1.49E-04
s138	1	34946640	6.69E-04
s139	1	35008093	6.42E-05
s140	1	35051378	5.20E-05
s141	1	35119714	2.12E-05
s142	1	35149451	9.54E-04
s143	1	35204082	9.30E-04
s144	1	35319357	7.11E-05
s145	1	35440042	2.28E-04
s146	1	35444008	3.18E-05
s147	1	35500976	6.21E-04
s148	1	35514803	2.65E-04
s149	1	35594881	3.13E-05
s150	1	35606686	9.88E-05
s151	1	35724064	4.74E-05
s152	1	35825090	1.04E-04
s153	1	35892524	3.72E-05
s154	1	35904878	7.55E-05
s155	1	35936173	2.78E-04
s156	1	35989459	4.22E-05
s157	1	36031587	4.48E-05
s158	1	36055049	6.08E-05
s159	1	36143048	8.32E-05
s160	1	36178169	6.08E-04
s161	1	36372756	1.17E-04
s162	1	36385277	6.71E-04
s163	1	36460449	6.97E-04
s164	1	36535238	7.14E-04
s165	1	36583581	9.80E-04
s166	1	36647913	8.21E-04
s167	1	36735544	3.88E-04
s168	1	37036617	2.60E-04
s169	1	37197253	6.04E-04
s170	1	37763318	3.15E-04
s171	1	37769827	4.60E-04
s172	1	38190540	6.97E-04
s173	1	38293498	5.54E-05
s174	1	38330592	8.79E-04
s175	1	38371693	4.07E-04
s176	1	38840782	4.96E-04
s177	1	38880972	7.66E-04
s178	1	39584068	4.76E-04
s179	1	39690613	9.78E-06
s180	1	39738162	8.40E-04
s181	1	40145400	6.74E-04
s182	1	40246186	9.66E-04
s183	1	40279329	5.77E-04
s184	1	40284766	8.57E-04
s185	1	40371029	4.15E-04
s186	1	40372905	9.80E-04
s187	1	40484126	7.31E-04
s188	1	40494982	6.70E-04
s189	1	40500706	1.56E-04
s190	1	40583178	1.69E-04
s191	1	40616689	1.50E-04
s192	1	40650486	1.42E-04
s193	1	40755459	8.32E-04
s194	1	40851340	2.75E-04
s195	1	40921716	5.67E-04
s196	1	40998698	1.81E-04
s197	1	41047575	9.83E-04
s198	1	41089571	9.48E-04
s199	1	41138773	5.08E-04
s200	1	41329471	1.94E-04
s201	1	41442860	1.19E-04
s202	1	41991737	8.58E-04
s203	1	42583921	2.44E-04
s204	1	43061653	4.04E-04
s205	1	43064981	4.60E-04
s206	1	43078365	7.65E-04
s207	1	43137002	2.40E-04
s208	1	43217888	3.39E-04
s209	1	43282822	1.72E-04
s210	1	44219174	2.25E-04
s211	1	44223908	9.16E-04
s212	1	44408698	6.74E-04
s213	1	44439403	4.50E-04
s214	1	44485325	3.57E-05
s215	1	44487014	1.43E-04
s216	1	44667253	9.11E-04
s217	1	44704952	3.02E-04
s218	1	44746835	1.10E-04
s219	1	44755396	4.75E-04
s220	1	44789341	3.15E-04
s221	1	44814256	4.10E-04
s222	1	44887787	8.30E-04
s223	1	44927753	1.89E-04
s224	1	44948469	1.53E-04
s225	1	45019030	6.38E-04
s226	1	45050877	5.60E-04
s227	1	45741541	1.69E-05
s228	1	45763901	3.64E-04
s229	1	45821579	2.03E-04
s230	1	46209682	5.55E-04
s231	1	46309862	8.95E-04
s232	1	46678145	1.48E-04
s233	1	46707560	1.50E-04
s234	1	46719068	8.75E-04
s235	1	46724210	2.67E-04
s236	1	46746075	6.56E-04
s237	1	46765180	6.62E-04
s238	1	46790955	9.58E-04
s239	1	46862657	9.95E-04
s240	1	46906620	4.44E-04
s241	1	46922996	1.46E-04
s242	1	46971300	3.08E-05
s243	1	46996740	8.93E-04
s244	1	47022613	8.40E-04
s245	1	47100080	1.70E-04
s246	1	47100560	5.60E-04
s247	1	47661907	1.53E-06
s248	1	47727389	8.81E-04
s249	1	47906041	4.71E-04
s250	1	47926017	7.27E-04
s251	1	47969427	4.52E-04
s252	1	48109662	2.59E-04
s253	1	48128897	4.00E-04
s254	1	48209786	5.24E-04
s255	1	48964244	8.93E-04
s256	1	49092451	1.05E-04
s257	1	49102168	7.12E-05
s258	1	49161291	8.25E-04
s259	1	49179548	3.18E-05
s260	1	49256281	9.55E-04
s261	1	49329170	4.13E-05
s262	1	49333920	1.64E-04
s263	1	49368934	1.02E-04
s264	1	49407929	1.58E-04
s265	1	49422657	6.27E-04
s266	1	49502281	1.03E-04
s267	1	49577446	1.65E-04
s268	1	49718148	2.59E-04
s269	1	50198313	7.02E-04
s270	1	50365593	9.55E-04
s271	1	50386935	6.61E-04
s272	1	50488140	9.44E-04
s273	1	50614083	3.27E-04
s274	1	50753295	4.04E-04
s275	1	50764030	7.03E-04
s276	1	50844902	8.40E-05
s277	1	50870453	3.34E-04
s278	1	50901197	1.17E-04
s279	1	50927848	1.60E-04
s280	1	50969633	1.74E-04
s281	1	51025368	1.65E-04
s282	1	51028742	4.59E-05
s283	1	51040421	1.92E-04
s284	1	51084625	9.70E-04
s285	1	51342638	8.33E-04
s286	1	51437444	8.00E-04
s287	1	51566633	5.06E-04
s288	1	51731307	9.70E-04
s289	1	52011667	8.36E-04
s290	1	52060011	7.55E-04
s291	1	52265744	7.03E-04
s292	1	52477139	9.08E-04
s293	1	52603490	9.24E-04
s294	1	52943330	7.95E-05
s295	1	53026015	9.45E-04
s296	1	53223850	8.89E-04
s297	1	53262328	9.46E-04
s298	1	53418720	7.24E-04
s299	1	53707173	2.53E-04
s300	1	53866332	9.58E-04
s301	1	53932166	8.61E-04
s302	1	54036040	5.76E-04
s303	1	54207739	3.45E-04
s304	1	54652955	7.39E-04
s305	1	54663140	2.81E-04
s306	1	54737749	4.79E-04
s307	1	54888773	3.09E-04
s308	1	54891696	1.62E-04
s309	1	54967234	5.06E-04
s310	1	55032438	2.34E-04
s311	1	55054726	4.45E-04
s312	1	55229164	4.55E-05
s313	1	55265747	3.29E-04
s314	1	55496955	2.37E-04
s315	1	55572776	6.27E-04
s316	1	55575784	9.69E-04
s317	1	55598307	2.51E-04
s318	1	55598522	2.95E-04
s319	1	55676764	8.69E-04
s320	1	55691731	1.39E-04
s321	1	55998760	3.59E-04
s322	1	56041612	2.39E-04
s323	1	56074352	8.25E-04
s324	1	56122812	9.60E-04
s325	1	56125580	5.25E-04
s326	1	56159247	8.18E-04
s327	1	56277537	3.06E-04
s328	1	56298156	9.57E-04
s329	1	56482334	8.13E-04
s330	1	56523269	7.47E-04
s331	1	56737645	9.76E-04
s332	1	56787001	9.80E-04
s333	1	56837750	3.25E-04
s334	1	56856262	9.76E-04
s335	1	56939828	7.07E-04
s336	1	56988388	6.80E-04
s337	1	57018575	8.14E-04
s338	1	57138095	5.19E-04
s339	1	57171678	9.45E-04
s340	1	57232141	9.58E-04
s341	1	57293916	3.92E-04
s342	1	57306615	5.69E-04
s343	1	57311303	9.16E-04
s344	1	57325108	6.28E-04
s345	1	57330465	5.72E-04
s346	1	57379488	8.28E-04
s347	1	57567726	7.10E-04
s348	1	57589707	9.46E-04
s349	1	57777790	9.40E-04
s350	1	57880147	8.78E-04
s351	1	57918673	9.14E-04
s352	1	57956755	2.57E-04
s353	1	58156018	5.33E-04
s354	1	58269034	4.17E-04
s355	1	58458779	8.00E-04
s356	1	58819458	8.05E-04
s357	1	58860479	7.54E-04
s358	1	59013775	8.51E-04
s359	1	59039237	5.88E-04
s360	1	59051550	6.10E-04
s361	1	59089286	3.66E-04
s362	1	59098842	4.62E-04
s363	1	59292732	3.23E-04
s364	1	59302026	3.66E-04
s365	1	59435023	9.01E-04
s366	1	59459703	8.54E-04
s367	1	59469299	7.52E-04
s368	1	59545348	9.93E-04
s369	1	59552956	6.81E-04
s370	1	59580304	9.33E-04
s371	1	59617886	9.07E-04
s372	1	59642724	5.01E-04
s373	1	59677051	8.19E-04
s374	1	59720551	4.90E-04
s375	1	60317382	9.45E-04
s376	1	60390376	3.95E-04
s377	1	60425317	9.74E-04
s378	1	60510600	4.70E-04
s379	1	60521022	8.57E-04
s380	1	60574365	9.45E-04
s381	1	60581448	9.56E-04
s382	1	60614435	8.39E-04
s383	1	60697333	8.47E-04
s384	1	60761091	8.17E-04
s385	1	60766223	8.56E-04
s386	1	60811211	9.45E-04
s387	1	60830348	4.95E-04
s388	1	60842690	8.93E-04
s389	1	60962429	3.66E-04
s390	1	61121296	7.40E-04
s391	1	61135679	5.86E-04
s392	1	61183771	6.40E-04
s393	1	61249565	2.57E-04
s394	1	61322092	2.22E-04
s395	1	61350201	4.42E-04
s396	1	61383146	4.47E-04
s397	1	61423884	1.99E-04
s398	1	61595337	3.79E-04
s399	1	61661807	3.05E-04
s400	1	61798206	9.46E-04
s401	1	62030636	6.57E-04
s402	1	62415598	6.57E-04
s403	1	62505172	4.81E-04
s404	1	62621636	7.76E-04
s405	1	62694776	3.19E-04
s406	1	63111819	2.46E-04
s407	1	63251064	9.56E-04
s408	1	63450717	8.85E-04
s409	1	63599173	9.70E-04
s410	1	63642532	5.22E-04
s411	1	63664324	6.35E-04
s412	1	63871468	8.41E-04
s413	1	64163962	3.67E-04
s414	1	64266834	8.91E-04
s415	1	64288648	8.45E-04
s416	1	64329071	8.88E-04
s417	1	64437931	7.71E-04
s418	1	64606494	2.11E-04
s419	1	64739665	1.97E-04
s420	1	64804397	3.90E-04
s421	1	64912449	8.84E-04
s422	1	64999984	1.61E-04
s423	1	65048179	5.91E-04
s424	1	65118917	1.76E-04
s425	1	65232988	5.28E-04
s426	1	65244160	3.20E-04
s427	1	65303924	3.83E-04
s428	1	65403792	4.67E-04
s429	1	65861890	4.35E-04
s430	1	65912763	5.24E-04
s431	1	65933765	2.74E-04
s432	1	65948495	7.82E-04
s433	1	66159690	5.10E-04
s434	1	66169527	9.38E-05
s435	1	66269046	4.02E-04
s436	1	66365649	5.02E-04
s437	1	66406935	5.62E-04
s438	1	66454791	9.70E-04
s439	1	66647567	5.79E-04
s440	1	66689473	6.55E-04
s441	1	66729696	7.31E-04
s442	1	66773931	1.41E-04
s443	1	67634526	5.21E-04
s444	1	67647841	8.41E-04
s445	1	67713682	8.07E-04
s446	1	67807159	1.89E-04
s447	1	67891421	1.00E-04
s448	1	68671830	7.61E-04
s449	1	68721655	8.43E-04
s450	1	71277359	4.18E-04
s451	1	71614020	9.50E-04
s452	1	72270489	5.87E-04
s453	1	72432661	1.43E-04
s454	1	72578512	2.82E-04
s455	1	72823577	6.46E-04
s456	1	72835551	5.48E-04
s457	1	72870175	3.97E-04
s458	1	72887415	3.77E-04
s459	1	72891773	3.04E-04
s460	1	72897076	3.76E-04
s461	1	72901327	9.66E-04
s462	1	72903620	7.48E-05
s463	1	72931219	2.78E-04
s464	1	72943860	7.43E-04
s465	1	72960708	3.57E-04
s466	1	73109717	3.89E-04
s467	1	73121384	8.55E-04
s468	1	73128824	8.79E-04
s469	1	73138297	6.37E-04
s470	1	73147460	2.03E-04
s471	1	73172653	2.44E-04
s472	1	73316180	8.91E-04
s473	1	73476381	9.79E-04
s474	1	73517222	9.65E-04
s475	1	73831836	9.49E-04
s476	1	74075538	8.13E-04
s477	1	74652414	3.55E-04
s478	1	74666414	8.46E-04
s479	1	74776905	7.22E-04
s480	1	74979643	4.33E-04
s481	1	75052836	9.52E-04
s482	1	75130172	4.65E-04
s483	1	75146107	5.85E-04
s484	1	75229158	9.46E-04
s485	1	76167827	3.52E-05
s486	1	76182630	6.20E-04
s487	1	76191548	8.15E-04
s488	1	76554509	3.06E-04
s489	1	76706255	8.79E-04
s490	1	76926937	8.47E-04
s491	1	76981446	1.77E-06
s492	1	77098766	9.49E-04
s493	1	77236196	2.43E-04
s494	1	77480786	9.65E-04
s495	1	77602137	3.09E-04
s496	1	77764226	5.32E-04
s497	1	77863414	2.22E-04
s498	1	78120240	1.36E-05
s499	1	78863822	2.91E-04
s500	1	79044660	9.31E-05
s501	1	79201363	1.82E-04
s502	1	79416420	4.22E-04
s503	1	79430743	8.56E-04
s504	1	79665833	7.35E-05
s505	1	80542909	7.35E-06
s506	1	80848276	9.65E-04
s507	1	81104732	2.89E-04
s508	1	81152891	3.39E-04
s509	1	81206783	8.88E-04
s510	1	81672105	7.09E-04
s511	1	82481002	8.06E-05
s512	1	83188800	4.28E-04
s513	1	83324062	4.25E-04
s514	1	83654212	4.66E-04
s515	1	84295273	4.16E-04
s516	1	85616821	8.25E-04
s517	1	85984979	8.80E-04
s518	1	86300847	9.34E-04
s519	1	87692459	1.64E-04
s520	1	87784928	3.89E-04
s521	1	87872658	5.93E-04
s522	1	89047435	1.09E-04
s523	1	89065771	8.89E-04
s524	1	89135995	9.40E-04
s525	1	89145252	8.48E-04
s526	1	89254956	6.10E-04
s527	1	89357585	3.72E-04
s528	1	89383032	7.06E-04
s529	1	89537721	2.26E-04
s530	1	89888455	4.27E-04
s531	1	90726032	6.23E-04
s532	1	90825438	4.92E-04
s533	1	91414194	6.06E-04
s534	1	92115376	2.02E-04
s535	1	92494515	6.25E-04
s536	1	93127342	6.13E-04
s537	1	93238034	6.13E-04
s538	1	93772993	3.87E-04
s539	1	93773210	8.41E-04
s540	1	94395469	4.24E-04
s541	1	94840338	5.51E-04
s542	1	94844144	2.02E-04
s543	1	94972816	5.21E-04
s544	1	95091021	9.21E-04
s545	1	95594498	8.20E-04
s546	1	96034984	8.57E-04
s547	1	96035004	2.77E-04
s548	1	96533781	3.23E-04
s549	1	96535837	8.33E-04
s550	1	96749750	3.79E-04
s551	1	97117850	4.61E-04
s552	1	97853251	9.78E-04
s553	1	98376957	6.37E-04
s554	1	98996602	6.72E-05
s555	1	99032447	9.75E-07
s556	1	99220577	3.19E-04
s557	1	99422189	9.30E-04
s558	1	99575253	5.27E-04
s559	1	99763340	1.75E-04
s560	1	99927712	4.99E-05
s561	1	99967608	7.35E-04
s562	1	100417509	1.40E-04
s563	1	100659217	2.48E-04
s564	1	101915516	3.51E-04
s565	1	102335506	7.51E-04
s566	1	102424514	9.00E-04
s567	1	102559215	1.66E-05
s568	1	102565035	5.36E-04
s569	1	102654915	4.81E-05
s570	1	102758178	5.49E-06
s571	1	103027246	5.99E-04
s572	1	103160663	8.75E-04
s573	1	103275516	6.15E-04
s574	1	103279629	2.05E-04
s575	1	103313908	9.87E-04
s576	1	103316782	6.04E-04
s577	1	103329496	6.58E-04
s578	1	103434173	5.44E-04
s579	1	103984196	8.82E-04
s580	1	104043436	5.42E-04
s581	1	104155420	8.35E-05
s582	1	104173556	7.78E-04
s583	1	104267721	9.28E-04
s584	1	104333164	5.35E-04
s585	1	104370751	7.53E-04
s586	1	104520556	9.42E-04
s587	1	104550034	9.06E-04
s588	1	104580794	9.82E-04
s589	1	104629385	4.65E-05
s590	1	104642887	7.77E-04
s591	1	104855161	9.96E-04
s592	1	104861584	3.16E-04
s593	1	104876684	4.32E-04
s594	1	104940474	8.63E-04
s595	1	104961758	6.73E-04
s596	1	104987532	2.41E-04
s597	1	104988347	6.84E-04
s598	1	105103522	6.26E-04
s599	1	105176333	9.56E-04
s600	1	105192368	9.28E-04
s601	1	105274892	6.46E-04
s602	1	105310225	6.73E-04
s603	1	105351328	3.34E-04
s604	1	105357989	6.23E-04
s605	1	105358686	1.36E-04
s606	1	105371527	6.73E-04
s607	1	105383353	8.49E-04
s608	1	105418213	8.47E-04
s609	1	105434568	8.47E-04
s610	1	105466668	1.93E-04
s611	1	105490985	3.48E-04
s612	1	105513097	5.78E-04
s613	1	105556793	4.38E-04
s614	1	105596825	7.38E-04
s615	1	105637745	7.44E-04
s616	1	105666760	7.50E-04
s617	1	105698596	8.06E-04
s618	1	105711749	8.81E-04
s619	1	105755019	8.59E-04
s620	1	105756116	6.98E-04
s621	1	105828067	6.69E-04
s622	1	105913639	5.92E-04
s623	1	105965682	6.52E-04
s624	1	106006333	5.93E-04
s625	1	106077783	9.28E-04
s626	1	106183787	7.90E-04
s627	1	106251626	6.12E-04
s628	1	106262130	5.32E-04
s629	1	106332926	8.39E-04
s630	1	106333908	7.59E-04
s631	1	106345800	2.30E-04
s632	1	106378910	9.56E-04
s633	1	106448353	6.23E-04
s634	1	106458368	7.86E-04
s635	1	106884067	1.72E-04
s636	1	106899676	5.29E-05
s637	1	106952315	7.01E-04
s638	1	106954907	2.49E-05
s639	1	106981615	5.31E-04
s640	1	106990786	4.98E-05
s641	1	107004595	6.63E-04
s642	1	107052292	4.48E-04
s643	1	107082504	4.44E-04
s644	1	107088224	8.05E-04
s645	1	107218830	6.88E-05
s646	1	107279855	4.04E-04
s647	1	107296931	2.13E-04
s648	1	107315474	2.91E-04
s649	1	107317939	6.29E-04
s650	1	107331540	6.86E-04
s651	1	107405884	9.96E-05
s652	1	107431158	5.68E-04
s653	1	107436232	4.04E-04
s654	1	107497056	1.53E-04
s655	1	107500106	6.65E-04
s656	1	107521433	2.05E-04
s657	1	107586456	5.37E-04
s658	1	107592635	6.25E-04
s659	1	107791466	6.26E-04
s660	1	107798579	8.59E-04
s661	1	107820169	6.88E-04
s662	1	107859547	6.19E-05
s663	1	107920537	1.55E-04
s664	1	107961696	3.44E-04
s665	1	108095131	1.55E-04
s666	1	108259409	2.43E-04
s667	1	108646762	1.97E-04
s668	1	108658737	4.17E-04
s669	1	108676348	1.94E-04
s670	1	108708673	3.29E-04
s671	1	108785501	6.58E-04
s672	1	108840622	3.36E-04
s673	1	109168991	2.05E-04
s674	1	109210071	3.79E-04
s675	1	109248727	5.39E-04
s676	1	109440236	1.90E-05
s677	1	109516300	3.04E-04
s678	1	109530494	7.79E-04
s679	1	109537255	2.51E-04
s680	1	109573548	8.35E-04
s681	1	109649149	4.65E-04
s682	1	109652503	1.86E-04
s683	1	109749889	1.35E-04
s684	1	109751817	3.10E-04
s685	1	109761281	1.84E-04
s686	1	109788563	2.45E-04
s687	1	109796783	2.22E-04
s688	1	109806482	2.98E-04
s689	1	109815146	1.39E-04
s690	1	109832222	1.94E-04
s691	1	109909252	8.31E-04
s692	1	109979102	8.62E-04
s693	1	110022324	9.10E-04
s694	1	110045163	2.89E-04
s695	1	110234584	3.37E-04
s696	1	110496632	4.87E-04
s697	1	110522292	4.38E-04
s698	1	110638818	4.46E-04
s699	1	110653624	3.52E-06
s700	1	110706877	6.57E-04
s701	1	110737398	2.32E-05
s702	1	110738700	1.18E-04
s703	1	110744627	3.73E-05
s704	1	110746453	1.67E-05
s705	1	110834516	6.39E-04
s706	1	110836024	5.00E-04
s707	1	110868661	8.93E-04
s708	1	111121445	1.80E-04
s709	1	111187089	7.70E-04
s710	1	111207242	1.92E-04
s711	1	111239386	1.63E-04
s712	1	111356007	2.29E-04
s713	1	111496284	4.37E-04
s714	1	111529919	2.74E-04
s715	1	111543457	2.61E-04
s716	1	111556468	2.75E-04
s717	1	111655847	3.09E-04
s718	1	111673801	6.00E-04
s719	1	111878578	2.90E-04
s720	1	111913727	5.80E-04
s721	1	111934200	3.32E-04
s722	1	111946285	2.68E-04
s723	1	111962098	2.50E-04
s724	1	112111046	9.92E-04
s725	1	112155187	7.41E-04
s726	1	112169253	4.28E-05
s727	1	112195311	2.40E-04
s728	1	112205637	6.14E-04
s729	1	112210177	7.89E-04
s730	1	112332786	6.09E-04
s731	1	112354330	5.64E-04
s732	1	112368569	6.52E-04
s733	1	112378884	8.11E-04
s734	1	112381105	6.12E-04
s735	1	112427727	7.51E-04
s736	1	112714189	5.10E-04
s737	1	112750694	6.49E-04
s738	1	112874822	4.60E-04
s739	1	112898695	2.28E-04
s740	1	113043011	4.77E-06
s741	1	113462025	7.31E-04
s742	1	113472765	1.31E-04
s743	1	113475089	2.51E-06
s744	1	113536800	6.15E-04
s745	1	113542709	9.25E-04
s746	1	113594443	3.25E-04
s747	1	113649489	8.36E-05
s748	1	113665355	2.85E-04
s749	1	113762002	3.18E-04
s750	1	114622654	1.89E-04
s751	1	114655033	7.04E-04
s752	1	114827450	6.84E-04
s753	1	115010511	1.31E-04
s754	1	115018258	3.00E-04
s755	1	115022670	1.81E-04
s756	1	115063840	2.39E-04
s757	1	115087731	1.32E-04
s758	1	115175285	7.01E-04
s759	1	115176299	3.00E-04
s760	1	115221919	7.26E-04
s761	1	115255282	7.90E-04
s762	1	115446153	8.84E-04
s763	1	115446316	1.58E-05
s764	1	115452720	5.07E-04
s765	1	115458716	9.67E-04
s766	1	115460737	2.09E-04
s767	1	115823982	5.90E-04
s768	1	115843602	8.57E-04
s769	1	115864258	9.52E-04
s770	1	115894882	4.10E-06
s771	1	116620151	8.33E-04
s772	1	117609080	8.19E-04
s773	1	117609903	1.81E-04
s774	1	117649986	6.10E-04
s775	1	117729771	1.87E-04
s776	1	117731096	7.61E-04
s777	1	117743477	4.95E-04
s778	1	117810019	7.80E-04
s779	1	117837717	6.32E-06
s780	1	117838911	4.42E-04
s781	1	118028658	2.06E-04
s782	1	118191327	8.58E-05
s783	1	118393861	4.42E-04
s784	1	118596600	2.25E-05
s785	1	118660848	2.79E-04
s786	1	118833571	8.02E-04
s787	1	118936409	2.46E-04
s788	1	118990527	7.93E-04
s789	1	118991105	1.88E-05
s790	1	119032201	6.89E-04
s791	1	119057558	2.42E-05
s792	1	119065712	9.59E-05
s793	1	119077461	7.43E-05
s794	1	119175801	6.04E-04
s795	1	119248606	3.14E-04
s796	1	119339056	4.94E-04
s797	1	119342024	7.65E-04
s798	1	119351407	7.44E-06
s799	1	119391347	4.41E-04
s800	1	119395446	5.55E-04
s801	1	119410287	1.50E-04
s802	1	119488364	6.04E-04
s803	1	119504691	2.19E-04
s804	1	119527852	2.67E-04
s805	1	120046749	5.08E-04
s806	1	120081144	5.54E-06
s807	1	120126692	9.89E-06
s808	1	120147759	1.36E-06
s809	1	120189039	7.27E-05
s810	1	120196160	1.28E-05
s811	1	120223820	1.44E-05
s812	1	120229242	2.16E-04
s813	1	120234462	1.39E-06
s814	1	120438396	1.56E-05
s815	1	120702830	9.23E-04
s816	1	120781236	8.78E-04
s817	1	120790487	9.58E-04
s818	1	120803530	3.14E-04
s819	1	120820627	4.11E-04
s820	1	120849060	8.72E-04
s821	1	120893812	3.21E-04
s822	1	120920096	4.00E-04
s823	1	120935916	3.07E-04
s824	1	121075441	5.90E-06
s825	1	121152051	2.86E-04
s826	1	121152461	9.75E-04
s827	1	121678523	4.73E-04
s828	1	121730702	1.26E-07
s829	1	121747473	1.26E-07
s830	1	121797483	7.36E-07
s831	1	121882341	7.25E-07
s832	1	121939410	2.77E-04
s833	1	121951870	2.18E-08
s834	1	121984488	7.88E-04
s835	1	121999013	2.29E-05
s836	1	122095276	7.55E-04
s837	1	122159667	5.54E-06
s838	1	122203754	1.11E-04
s839	1	122229446	4.04E-04
s840	1	122408933	3.02E-05
s841	1	122515827	6.86E-04
s842	1	122549110	3.79E-04
s843	1	122573480	2.91E-05
s844	1	122586591	3.52E-05
s845	1	122595601	8.57E-04
s846	1	122684057	8.61E-04
s847	1	122688054	1.17E-04
s848	1	122879525	3.77E-04
s849	1	122888938	1.33E-04
s850	1	122919228	2.55E-04
s851	1	123031078	7.54E-04
s852	1	123042049	3.82E-04
s853	1	123045608	9.32E-06
s854	1	123046177	2.23E-04
s855	1	123077377	2.01E-04
s856	1	123182664	9.36E-04
s857	1	123211119	6.73E-04
s858	1	123248834	8.52E-04
s859	1	123279152	7.41E-04
s860	1	123413246	1.94E-04
s861	1	123470692	9.06E-04
s862	1	123472298	1.93E-04
s863	1	123583213	8.98E-04
s864	1	123590374	1.93E-04
s865	1	123726487	2.04E-04
s866	1	123842161	6.25E-04
s867	1	123930053	4.04E-04
s868	1	123932273	7.64E-05
s869	1	124016490	5.82E-04
s870	1	124148384	4.82E-04
s871	1	124203300	5.10E-04
s872	1	124335248	6.91E-05
s873	1	124710667	6.33E-04
s874	1	124739596	4.87E-04
s875	1	124885114	8.84E-04
s876	1	124889396	5.75E-04
s877	1	124911221	8.85E-04
s878	1	124925968	5.18E-04
s879	1	124972353	5.18E-04
s880	1	124992566	7.09E-05
s881	1	125019841	8.26E-04
s882	1	125024119	1.15E-04
s883	1	125156265	5.00E-04
s884	1	125214965	6.72E-04
s885	1	125832390	2.90E-04
s886	1	125860814	5.13E-04
s887	1	125872518	5.13E-04
s888	1	125965776	5.61E-04
s889	1	126033947	1.47E-04
s890	1	126053933	6.57E-04
s891	1	126103678	6.71E-04
s892	1	126131775	3.76E-04
s893	1	126242042	4.37E-06
s894	1	126269795	5.70E-04
s895	1	126277786	4.84E-04
s896	1	126300696	3.45E-04
s897	1	126301403	7.59E-04
s898	1	126319414	5.47E-04
s899	1	126391111	3.23E-04
s900	1	126477823	3.47E-04
s901	1	126479074	1.42E-04
s902	1	126625993	4.84E-04
s903	1	126694138	4.84E-04
s904	1	126796881	4.84E-04
s905	1	126851774	4.84E-04
s906	1	126913514	5.01E-05
s907	1	126914028	7.11E-04
s908	1	126919952	4.79E-04
s909	1	126919956	4.87E-04
s910	1	127060007	2.30E-05
s911	1	127141427	5.03E-04
s912	1	127141451	4.38E-04
s913	1	127154547	8.30E-04
s914	1	127166113	5.44E-04
s915	1	127166148	2.99E-04
s916	1	127173224	4.46E-04
s917	1	127255259	6.33E-04
s918	1	127256559	5.58E-04
s919	1	127281253	6.03E-04
s920	1	127298655	6.83E-05
s921	1	127385502	3.35E-04
s922	1	127413380	5.64E-04
s923	1	127425316	1.27E-05
s924	1	127430356	7.42E-04
s925	1	127434105	1.14E-04
s926	1	127457070	5.12E-04
s927	1	127507902	9.30E-04
s928	1	127530088	5.32E-04
s929	1	127542028	9.45E-05
s930	1	127557677	3.17E-05
s931	1	127603878	5.32E-04
s932	1	127688751	3.87E-05
s933	1	127801002	1.01E-05
s934	1	127819414	2.93E-04
s935	1	127847591	1.23E-05
s936	1	127936504	3.07E-05
s937	1	127966601	4.63E-05
s938	1	128009987	3.98E-05
s939	1	128026246	6.92E-04
s940	1	128027638	3.98E-05
s941	1	128066601	1.10E-04
s942	1	128101605	1.32E-04
s943	1	128101968	9.25E-05
s944	1	128106729	6.01E-04
s945	1	128111493	3.98E-05
s946	1	128182270	3.98E-05
s947	1	128213396	7.53E-06
s948	1	128250083	6.09E-04
s949	1	128325500	5.24E-04
s950	1	128325693	8.19E-04
s951	1	128331375	3.06E-04
s952	1	128333770	3.81E-06
s953	1	128381250	7.45E-04
s954	1	128448413	2.42E-04
s955	1	128545139	2.92E-04
s956	1	128567983	4.95E-04
s957	1	128573165	4.32E-04
s958	1	128683131	8.96E-04
s959	1	128724609	7.54E-04
s960	1	128763949	5.50E-04
s961	1	128968533	3.18E-04
s962	1	129002606	5.38E-05
s963	1	129439475	6.20E-04
s964	1	129463788	9.47E-04
s965	1	129593783	4.94E-04
s966	1	129814755	6.13E-04
s967	1	129896024	5.61E-05
s968	1	129902356	5.33E-04
s969	1	129936294	5.20E-04
s970	1	130210963	8.53E-04
s971	1	130387069	6.81E-04
s972	1	130411361	7.48E-04
s973	1	130490302	9.87E-05
s974	1	130642139	1.83E-05
s975	1	130723879	1.50E-04
s976	1	130726783	3.53E-05
s977	1	130950465	4.20E-05
s978	1	130965504	1.03E-04
s979	1	131170561	1.42E-04
s980	1	131185509	2.54E-04
s981	1	131321084	3.13E-04
s982	1	131483552	1.47E-04
s983	1	131543703	1.65E-04
s984	1	131643032	6.55E-04
s985	1	131714902	2.42E-04
s986	1	131728839	1.47E-04
s987	1	131783874	1.57E-05
s988	1	131841848	5.40E-05
s989	1	131978775	1.80E-04
s990	1	131985170	3.43E-07
s991	1	132096211	5.28E-04
s992	1	132110480	9.06E-04
s993	1	132601231	7.41E-05
s994	1	132644705	8.03E-05
s995	1	132671556	5.84E-04
s996	1	132680115	2.93E-04
s997	1	132730977	2.93E-04
s998	1	132749588	2.93E-04
s999	1	132765453	4.11E-04
s1000	1	132781779	3.92E-04